100
5.94813	279.779	0	160.062	282.219	200.324	130.22	161.113	296.742	170.243	141.159	114.594	93.5991	199.481	281.254	298.798	188.01	167.926	125.448	0	45.5646	151.385	153.673	271.84	162.294	0	69.1467	0	188.314	203.374	0	213.296	0	226.38	119.932	116.827	140.163	281.804	200.085	208.37	275.722	175.756	270.617	166.714	214.989	216.062	217.538	201.721	0	189.79	63.168	175.767	286.427	61.7683	0	151.381	124.469	160.455	221.338	117.735	30.5871	176.51	207.358	100.96	278.927	201.079	281.488	107.951	154.388	258.047	256.353	257.933	172.711	155.205	29.3341	0	120.187	107.702	208.016	104.075	62.365	242.462	0	101.041	272.023	257.777	290.244	134.052	139.964	0	270.063	142.649	281.889	188.063	32.8863	209.583	173.484	0	280.939	257.213	
279.779	7.43028	218.913	234.579	0	0	0	0	0	0	0	0	0	173.074	110.831	0	0	155.276	0	0	0	0	0	0	0	0	292.222	156.327	0	104.62	222.782	196.289	221.389	0	274.081	173.451	227.61	0	0	0	109.07	0	147.593	189.918	73.9328	98.3024	72.4506	0	236.354	266.038	0	0	0	235.043	215.004	0	0	0	0	0	277.801	0	209.847	281.449	70.0795	0	0	187.74	134.251	186.41	220.909	0	162.543	182.59	268.516	75.387	293.204	253.427	0	0	0	72.417	87.2486	271.844	99.0647	194.074	0	0	0	225.444	0	0	0	253.829	260.839	0	0	0	0	33.1024	
0	218.913	5.62901	0	0	0	0	0	294.267	243.887	289.024	0	0	0	0	0	0	0	0	0	0	0	0	0	0	0	0	80.5153	0	274.522	10.7245	130.976	19.7686	240.941	0	257.068	0	0	0	0	0	0	87.5546	174.829	212.204	172.98	204.231	299.335	37.0454	189.828	0	0	175.042	280.099	59.2204	0	0	0	0	0	0	0	140.709	272.999	158.161	0	0	297.142	230.734	87.3308	95.368	0	174.43	187.835	0	156.939	0	0	248.475	0	0	268.332	144.997	264.505	130.404	0	266.617	0	0	61.6313	182.627	0	184.411	0	0	0	0	0	292.581	212.671	
160.062	234.579	0	9.63615	0	0	279.032	0	0	0	287.586	160.994	219.013	78.0883	180.077	0	0	88.0119	152.348	0	195.297	126.962	299.934	0	0	0	217.427	0	109.367	139.949	0	284.811	0	0	67.6619	146.283	27.0451	0	212.099	214.552	175.358	0	0	241.053	192.55	223.732	199.026	0	0	0	216.877	292.383	0	169.21	0	0	156.042	82.3716	274.806	125.887	140.72	297.232	287.231	238.322	268.362	0	0	102.366	161.518	0	0	0	226.821	224.258	170.182	291.067	84.7757	64.1394	0	257.859	189.168	172.451	296.068	233.979	278.947	118.906	0	276.714	222.567	0	0	227.116	0	42.3355	135.432	0	0	0	0	220.37	
282.219	0	0	0	7.0533	179.33	177.719	128.775	151.383	197.354	175.45	0	248.413	0	0	50.7054	181.66	0	0	56.1038	248.135	0	165.032	77.2056	146.022	56.4813	230.16	0	0	0	0	0	0	181.974	0	0	0	29.1456	0	0	0	115.981	0	0	0	0	0	128.286	0	245.954	226.027	234.651	259.202	288.578	0	144.664	0	0	0	0	0	226.258	0	226.402	0	193.022	9.28473	0	0	0	0	0	0	0	276.604	0	0	0	176.997	186.25	265.948	0	0	232.886	0	0	176.261	189.791	298.459	0	247.139	294.669	249.259	0	0	212.553	118.959	80.3589	145.891	0	
200.324	0	0	0	179.33	6.16076	91.5154	113.716	288.541	239.442	191.513	199.296	121.796	0	0	219.124	22.2762	0	213.587	226.377	160.507	257.625	66.3297	221.295	79.3563	221.734	186.882	0	0	0	0	0	0	267.227	280.195	0	0	194.367	230.994	238.362	0	109.692	0	0	0	0	0	204.435	0	289.638	166.693	65.6669	0	239.693	0	152.739	208.673	298.428	180.504	231.556	213.947	57.8421	0	211.809	0	19.8873	179	0	0	0	0	187.021	0	0	209.637	0	267.198	281.169	250.816	130.496	153.611	0	0	219.383	0	0	0	75.5683	143.218	0	0	137.771	0	0	225.4	40.7773	148.786	249.937	275.532	0	
130.22	0	0	279.032	177.719	91.5154	9.73963	61.3486	243.937	165.494	116.736	169.76	80.776	0	0	205.724	79.7313	291.75	185.745	214.351	90.4079	228.04	34.6149	191.566	43.223	226.882	105.648	0	277.891	0	0	271.526	0	203.127	229.399	228.777	260.498	183.786	231.013	239.883	0	70.3153	0	235.683	0	0	0	147.724	0	212.604	86.8768	102.86	286.382	161.191	0	85.8688	181.709	258.436	207.487	195.861	148.935	97.0943	259.888	130.277	0	97.8118	177.037	230.505	263.608	0	0	229.09	254.479	232.258	134.375	0	221.319	224.412	184.827	48.8001	99.4559	0	0	137.765	0	0	249.878	31.7297	137.603	0	269.153	135.204	278.413	0	156.989	114.9	94.195	250.304	228.816	0	
161.113	0	0	0	128.775	113.716	61.3486	6.36958	191.135	134.495	89.1192	218.989	131.127	0	0	152.443	105.999	0	234.945	161.192	125.814	276.098	63.1349	136.594	44.3582	178.153	115.727	0	0	0	0	255.234	0	160.093	269.708	242.879	295.259	131.762	282.607	291.485	0	21.5844	0	226.991	0	0	0	98.8316	0	186.524	106.511	146.072	246.464	176.038	0	47.1893	231.147	0	256.949	242.933	183.406	138.82	241.96	124.834	0	124.728	128.049	253.696	273.859	0	279.591	275.715	250.262	227.64	158.048	0	264.16	261.421	143.476	64.3876	144.537	0	0	132.612	0	0	199.551	80.3048	189.182	0	229.766	186.683	237.708	0	187.678	145.527	42.6514	199.453	176.493	0	
296.742	0	294.267	0	151.383	288.541	243.937	191.135	6.01969	143.994	164.569	0	0	0	0	113.44	284.619	0	0	115.049	278.374	0	247.407	85.054	227.211	159.587	234.305	0	0	0	296.084	234.227	0	90.0661	0	0	0	130.299	0	0	0	189.176	0	242.355	0	0	0	105.619	0	165.084	244.634	0	128.287	274.4	0	171.356	0	0	0	0	0	0	220.388	209.121	0	0	151.943	0	0	261.728	223.837	0	271.247	255.49	281.38	0	0	0	103.282	225.359	0	0	0	210.864	0	0	36.3497	264.542	0	0	122.309	0	119.159	0	0	0	156.745	149.109	25.7761	0	
170.243	0	243.887	0	197.354	239.442	165.494	134.495	143.994	8.906	57.4936	271.732	206.242	0	0	189.173	229.914	271.806	285.218	196.519	162.417	0	182.41	150.813	169.296	235.352	110.175	278.365	0	277.271	247.713	136.838	257.965	65.7825	278.619	185.064	282.587	184.78	0	0	0	144.242	215.74	122.778	247.288	217.88	244.45	76.0701	272.95	61.9207	127.331	258.096	133.087	140.17	295.263	97.2351	283.238	0	0	281.283	193.769	252.743	122.384	78.3746	271.311	248.968	196.915	215.838	201.383	180.553	154.888	0	151.22	131.231	152.13	295.85	282.683	260.882	49.0996	129.552	196.762	0	286.84	77.9715	247.878	0	131.729	186.998	271.195	299.403	115.754	271.198	126.418	0	186.403	268.385	106.875	242.079	129.562	284.344	
141.159	0	289.024	287.586	175.45	191.513	116.736	89.1192	164.569	57.4936	8.72186	233.817	161.501	0	0	178.732	181.648	269.055	248.302	187.095	123.937	282.216	133.933	145.566	121.809	219.583	78.8621	0	0	283.814	293.069	175.083	0	101.64	254.491	186.201	266.693	167.73	0	0	0	100.86	253.168	149.862	264.168	241.269	262.679	70.3884	0	106.991	89.3111	209.473	179.79	127.599	0	52.1705	245.797	295.646	0	247.691	165.754	204.025	161.645	61.2432	299.645	200.677	174.832	208.557	210.838	221.45	199.655	0	175.297	153.074	127.087	0	255.364	239.692	82.3927	81.919	156.46	0	0	66.815	279.376	0	160.399	138.304	226.615	0	162.441	226.17	172.39	0	162.285	219.848	68.7349	232.123	148.691	0	
114.594	0	0	160.994	0	199.296	169.76	218.989	0	271.732	233.817	9.55279	94.6822	225.56	0	0	190.38	214.171	25.5417	0	115.257	68.9784	182.077	0	200.987	0	168.509	0	121.119	263.429	0	0	0	0	103.495	204.701	150.395	0	95.1817	103.349	0	229.936	0	273.245	295.107	0	299.499	288.069	0	297.307	151.403	147.343	0	167.771	0	227.651	21.8561	109.531	131.401	42.8789	101.728	154.07	0	204.851	0	193.248	0	174.657	240.076	0	0	172.027	275.422	260.318	137.977	0	85.0711	115.453	0	170.605	84.1379	0	0	206.727	0	269.839	0	156.747	71.8397	0	0	76.395	0	172.074	115.883	189.494	245.118	0	0	0	
93.5991	0	0	219.013	248.413	121.796	80.776	131.127	0	206.242	161.501	94.6822	5.45732	272.672	0	276.633	110.622	247.963	110.635	285.291	61.5156	153.541	93.4583	260.671	111.792	297.364	112.705	0	204.428	288.292	0	285.693	0	254.264	164.58	204.464	202.687	254.822	159.309	168.354	0	141.26	0	242.414	0	0	0	208.095	0	243.256	89.853	87.8804	0	144.671	0	145.415	106.498	187.467	151.326	122.536	101.3	89.435	276.93	149.062	0	119.447	247.744	192.151	241.993	0	0	182.054	253.756	233.9	110.174	0	153.047	164.83	235.06	89.3995	38.9625	0	0	154.087	0	0	0	68.1608	70.5866	0	0	70.413	0	239.19	114.841	124.131	160.058	0	291.275	0	
199.481	173.074	0	78.0883	0	0	0	0	0	0	0	225.56	272.672	7.14168	109.131	0	0	51.7925	218.705	0	238.453	195.406	0	0	0	0	246.17	0	173.908	84.9231	0	265.797	0	0	132.632	140.939	81.2343	0	280.549	282.961	104.422	0	266.673	228.862	145.147	184.515	152.121	0	0	0	251.848	0	0	188.247	0	0	222.167	149.893	0	192.311	184.575	0	271.874	257.862	216.454	0	0	108.835	137.219	285.825	0	0	207.877	212.573	202.292	235.386	151.274	120.818	0	295.951	240.61	108.037	242.749	251.352	232.825	68.0324	0	0	285.568	0	0	290.04	0	89.0325	173.751	0	0	0	0	163.111	
281.254	110.831	0	180.077	0	0	0	0	0	0	0	0	0	109.131	8.43247	0	0	122.151	0	0	0	297.394	0	0	0	0	0	259.649	273.706	93.1466	0	273.648	0	0	233.417	191.929	181.851	0	0	0	12.6884	0	243.528	251.591	129.929	173.221	135.008	0	0	0	0	0	0	253.414	0	0	0	251.437	0	293.156	271.013	0	284.475	0	171.489	0	0	180.942	165.619	276.387	0	0	224.692	238.727	277.815	178.41	252.445	218.973	0	0	0	64.5696	190.649	0	197.833	100.94	0	0	0	0	0	0	0	186.954	256.997	0	0	0	0	116.82	
298.798	0	0	0	50.7054	219.124	205.724	152.443	113.44	189.173	178.732	0	276.633	0	0	5.68541	219.996	0	0	14.5254	268.291	0	197.356	49.4314	177.077	54.9929	241.8	0	0	0	0	0	0	160.936	0	0	0	32.7668	0	0	0	142.247	0	0	0	0	0	120.618	0	232.298	241.879	272.148	229.381	296.868	0	157.284	0	0	0	0	0	263.8	294.703	231.245	0	232.849	51.9848	0	0	0	0	0	0	0	290.128	0	0	0	160.759	206.403	290.234	0	0	236.656	0	0	141.092	220.823	0	0	219.343	0	219.579	0	0	253.039	132.34	59.2434	111.636	0	
188.01	0	0	0	181.66	22.2762	79.7313	105.999	284.619	229.914	181.648	190.38	110.622	0	0	219.996	9.82634	0	205.021	227.561	148.129	249.167	55.4782	219.394	70.8724	225.809	174.729	0	0	0	0	0	0	259.708	269.474	293.739	0	195.383	226.479	234.171	0	103.606	0	0	0	0	0	197.841	0	279.516	154.372	63.1026	0	227.265	0	143.903	200.173	288.922	180.12	222.214	201.904	54.7501	0	200.228	0	28.8845	181.249	290.003	0	0	0	189.823	0	0	197.194	0	256.928	269.901	242.877	118.786	141.96	0	0	207.745	0	0	296.461	63.138	136.518	0	0	131.408	0	0	213.197	49.3658	141.772	253.46	271.16	0	
167.926	155.276	0	88.0119	0	0	291.75	0	0	271.806	269.055	214.171	247.963	51.7925	122.151	0	0	7.3507	210.796	0	207.537	196.528	0	0	0	0	208.253	272.603	187.203	60.2345	0	222.567	0	0	127.603	96.9886	79.6863	0	280.264	284.266	116.693	0	229.247	184.635	112.611	147.22	119.281	0	0	256.24	216.39	0	0	148.422	0	296.35	213.646	158.203	0	185.492	156.457	0	228.114	216.784	187.96	0	0	69.8727	93.8142	245.002	266.349	0	164.31	168.262	167.04	210.406	146.995	108.988	0	261.109	215.074	96.6984	215.544	209.784	200.011	111.032	0	295.869	270.237	0	0	274.491	0	112.627	143.031	0	0	0	0	139.946	
125.448	0	0	152.348	0	213.587	185.745	234.945	0	285.218	248.302	25.5417	110.635	218.705	0	0	205.021	210.796	7.08512	0	129.595	51.2552	197.88	0	216.912	0	181.787	0	103.842	261.351	0	0	0	0	96.0511	208.832	143.698	0	84.828	92.1211	0	245.923	0	281.652	296.296	0	0	0	0	0	165.545	160.14	0	176.749	0	243.164	11.3003	94.9276	131.52	31.6185	110.437	167.342	0	217.638	0	207.116	0	175.947	243.098	0	0	172.627	282.279	268.146	148.684	0	76.0588	111.205	0	186.185	99.4243	299.841	0	219.087	0	260.099	0	172.565	82.5869	0	0	87.0058	0	160.359	123.546	202.296	260.856	0	0	0	
0	0	0	0	56.1038	226.377	214.351	161.192	115.049	196.519	187.095	0	285.291	0	0	14.5254	227.561	0	0	6.32405	277.131	0	205.679	55.8285	185.478	51.4584	250.491	0	0	0	0	0	0	166.584	0	0	0	40.1876	0	0	0	150.881	0	0	0	0	0	128.356	0	238.823	250.684	279.902	232.868	0	0	166.072	0	0	0	0	0	271.541	0	239.616	0	240.104	57.576	0	0	0	0	0	0	0	298.86	0	0	0	167.19	215.24	299.033	0	0	244.95	0	0	143.479	229.275	0	0	223.353	0	223.134	0	0	260.134	141.162	51.9803	114.612	0	
45.5646	0	0	195.297	248.135	160.507	90.4079	125.814	278.374	162.417	123.937	115.257	61.5156	238.453	0	268.291	148.129	207.537	129.595	277.131	5.22776	164.644	113.47	244.696	123.063	297.434	60.9008	0	208.647	242.334	0	230.242	0	215.362	149.21	152.47	176.199	249.634	196.054	204.957	0	139.795	294.591	186.344	250.477	247.457	252.466	180.156	0	192.925	41.4554	140.459	284.774	89.3481	0	123.093	127.143	184.34	202.89	130.145	64.0532	140.061	222.032	98.2399	0	161.84	247.406	147.375	189.461	277.04	270.07	236.16	197.505	177.619	55.8265	0	144.784	141.205	196.237	69.4527	40.1601	281.145	0	101.892	0	296.073	275.6	93.7806	119.987	0	267.724	121.375	278.986	221.251	71.973	171.628	143.5	0	262.421	293.043	
151.385	0	0	126.962	0	257.625	228.04	276.098	0	0	282.216	68.9784	153.541	195.406	297.394	0	249.167	196.528	51.2552	0	164.644	6.62755	241.302	0	259.832	0	212.531	0	59.3553	249.11	0	0	0	0	79.689	214.049	123.889	0	91.7768	94.6998	292.649	287.685	0	296.676	291.775	0	297.249	0	0	0	199.25	203.311	0	195.682	0	281.34	55.2161	56.7844	157.453	39.6928	132.32	210.851	0	246.312	0	250.95	0	175.071	244.415	0	0	197.849	293.029	281.784	173.239	0	59.6172	101.234	0	225.006	138.18	285.466	0	246.434	0	229.083	0	215.957	124.84	0	0	129.033	0	126.681	141.849	245.36	0	0	0	0	
153.673	0	0	299.934	165.032	66.3297	34.6149	63.1349	247.407	182.41	133.933	182.077	93.4583	0	0	197.356	55.4782	0	197.88	205.679	113.47	241.302	7.49861	188.593	29.8616	213.194	130.231	0	292.424	0	0	293.421	0	214.894	248.644	253.615	281.884	174.03	235.384	243.952	0	65.846	0	258.903	0	0	0	155.318	0	231.606	111.75	90.4549	0	186.06	0	97.616	193.51	274.952	203.106	210.526	171.279	83.1918	281.366	153.251	0	74.3826	164.419	254.64	288.484	0	0	220.334	278.401	256.064	158.874	0	239.168	245.184	197.421	72.4116	117.775	0	0	160.897	0	0	256.316	32.9499	141.323	0	283.142	137.874	291.742	0	180.215	93.4798	99.3256	238.322	232.988	0	
271.84	0	0	0	77.2056	221.295	191.566	136.594	85.054	150.813	145.566	0	260.671	0	0	49.4314	219.394	0	0	55.8285	244.696	0	188.593	9.63255	167.754	98.3957	212.255	0	0	0	0	269.746	0	121.28	0	0	0	56.7676	0	0	0	129.925	0	264.005	0	0	0	83.9552	0	192.655	215.36	268.749	192.885	264.442	0	131.437	0	0	0	0	296.245	260.668	254.962	197.776	0	234.746	77.5723	0	0	0	272.129	0	292.787	273.127	261.099	0	0	0	121.049	184.444	269.987	0	0	202.52	0	0	108.74	209.575	0	0	181.782	0	182.976	0	295.588	255.905	108.912	101.037	78.3546	0	
162.294	0	0	0	146.022	79.3563	43.223	44.3582	227.211	169.296	121.809	200.987	111.792	0	0	177.077	70.8724	0	216.912	185.478	123.063	259.832	29.8616	167.754	9.02273	194.717	130.067	0	0	0	0	285.283	0	197.914	262.879	256.474	293.676	154.044	257.049	265.687	0	45.1505	0	253.355	0	0	0	136.743	0	220.078	114.564	111.962	284.017	188.621	0	82.406	212.692	291.487	225.431	228.227	181.827	104.396	272.641	148.156	0	89.7638	145.377	261.181	290.045	0	0	242.122	274.514	251.952	164.497	0	254.652	257.774	181.027	71.5761	132.751	0	0	155.993	0	0	236.892	52.9576	162.954	0	267.207	159.693	275.363	0	189.198	110.338	80.526	219.157	212.98	0	
0	0	0	0	56.4813	221.734	226.882	178.153	159.587	235.352	219.583	0	297.364	0	0	54.9929	225.809	0	0	51.4584	297.434	0	213.194	98.3957	194.717	7.89748	277.761	0	0	0	0	0	0	210.043	0	0	0	59.847	0	0	0	165.407	0	0	0	0	0	165.906	0	280.336	274.658	279.086	277.999	0	0	192.052	0	0	0	0	0	270.726	0	271.547	0	235.203	58.6987	0	0	0	0	0	0	0	0	0	0	0	209.089	235.458	0	0	0	277.604	0	0	188.412	238.236	0	0	268.368	0	268.259	0	0	253.458	166.306	37.2371	159.732	0	
69.1467	292.222	0	217.427	230.16	186.882	105.648	115.727	234.305	110.175	78.8621	168.509	112.705	246.17	0	241.8	174.729	208.253	181.787	250.491	60.9008	212.531	130.231	212.255	130.067	277.761	6.70912	0	251.383	232.041	0	181.083	0	165.181	182.366	134.213	196.733	226.935	251.14	259.963	0	130.93	250.454	140.412	226.315	214.533	226.775	139.961	0	138.802	29.5099	182.572	231.022	67.0206	0	95.5092	179.88	223.64	257.453	178.231	93.6721	179.958	171.542	44.0518	277.44	191.773	229.448	145.939	166.784	228.719	218.534	289.286	156.635	134.879	55.585	0	183.381	168.056	146.478	65.969	95.8317	268.015	0	48.1951	263.693	0	228.169	120.149	174.828	0	214.083	175.825	225.5	247.342	90.472	206.202	118.417	294.073	218.506	268.742	
0	156.327	80.5153	0	0	0	0	0	0	278.365	0	0	0	0	259.649	0	0	272.603	0	0	0	0	0	0	0	0	0	6.52958	0	229.202	82.6309	149.957	78.0801	289.338	0	239.047	0	0	0	0	257.68	0	71.8127	181.655	168.203	138.612	160.324	0	88.8158	224.642	0	0	237.256	278.337	65.4775	0	0	0	0	0	0	0	164.247	289.84	99.2352	0	0	274.102	204.694	107.73	136.971	0	169.119	188.704	0	88.3437	0	0	292.635	0	0	213.829	78.0314	280.341	81.023	0	0	0	0	75.8934	241.034	0	245.468	0	0	0	0	0	0	156.106	
188.314	0	0	109.367	0	0	277.891	0	0	0	0	121.119	204.428	173.908	273.706	0	0	187.203	103.842	0	208.647	59.3553	292.424	0	0	0	251.383	0	7.02481	239.581	0	0	0	0	88.188	226.979	114.94	0	127.839	126.515	269.473	0	0	0	290.121	0	296.318	0	0	0	241.182	255.91	0	223.79	0	0	107.871	39.0861	200.622	87.2053	167.342	263.537	0	282.362	0	0	0	183.757	251.387	0	0	239.205	0	0	207.835	0	77.7463	110.486	0	271.337	185.878	271.864	0	281.133	0	194.99	0	267.104	177.281	0	0	181.389	0	94.7638	172.896	297.899	0	0	0	0	
203.374	104.62	274.522	139.949	0	0	0	0	0	277.271	283.814	263.429	288.292	84.9231	93.1466	0	0	60.2345	261.351	0	242.334	249.11	0	0	0	0	232.041	229.202	239.581	9.56718	279.254	203.235	280.883	0	179.815	108.502	132.569	0	0	0	87.7747	0	193.273	174.044	70.3543	112.089	77.3252	0	299.12	251.603	244.454	0	0	170.792	286.799	0	263.967	210.992	0	236.613	196.226	0	211.882	232.436	141.456	0	0	103.592	83.575	216.389	242.897	0	148.825	159.677	197.424	161.843	199.107	160.07	0	289.02	255.338	49.3463	168.235	224.072	157.57	126.904	0	0	0	296.917	0	0	0	161.448	180.691	0	0	0	0	90.2066	
0	222.782	10.7245	0	0	0	0	0	296.084	247.713	293.069	0	0	0	0	0	0	0	0	0	0	0	0	0	0	0	0	82.6309	0	279.254	5.70843	135.758	17.1768	243.85	0	262.164	0	0	0	0	0	0	92.4125	179.761	216.905	177.847	208.923	0	32.3312	193.766	0	0	176.712	285.068	56.9351	0	0	0	0	0	0	0	145.316	277.535	162.104	0	0	0	235.786	92.3052	99.4537	0	179.506	192.841	0	160.166	0	0	251.689	0	0	272.722	148.332	269.082	134.656	0	268.419	0	0	58.5933	184.744	0	186.202	0	0	0	0	0	294.683	216.884	
213.296	196.289	130.976	284.811	0	0	271.526	255.234	234.227	136.838	175.083	0	285.693	265.797	273.648	0	0	222.567	0	0	230.242	0	293.421	269.746	285.283	0	181.083	149.957	0	203.235	135.758	7.31425	143.884	158.327	285.921	149.019	266.436	0	0	0	269.376	267.214	86.2367	53.5453	151.64	110.889	145.817	201.823	162.371	85.0975	203.869	0	140.545	158.483	175.783	218.531	0	0	0	0	228.098	0	22.624	150.97	149.287	0	0	190.965	136.178	55.2406	53.6728	0	65.7039	69.5616	192.599	170.591	298.279	262.926	156.882	230.301	262.933	216.033	160.361	142.045	122.148	0	210.042	290.069	0	181.894	134.025	0	143.886	0	212.82	0	232.732	0	225.642	177.528	
0	221.389	19.7686	0	0	0	0	0	0	257.965	0	0	0	0	0	0	0	0	0	0	0	0	0	0	0	0	0	78.0801	0	280.883	17.1768	143.884	9.47093	254.965	0	267.295	0	0	0	0	0	0	95.1614	187.123	218.443	180.35	210.427	0	29.1821	203.862	0	0	188.18	292.132	49.2882	0	0	0	0	0	0	0	154.034	286.408	161.02	0	0	0	239.81	99.5478	109.343	0	185.53	199.675	0	157.333	0	0	262.59	0	0	272.907	145.766	277.839	134.597	0	279.883	0	0	51.3492	196.165	0	197.665	0	0	0	0	0	0	216.522	
226.38	0	240.941	0	181.974	267.227	203.127	160.093	90.0661	65.7825	101.64	0	254.264	0	0	160.936	259.708	0	0	166.584	215.362	0	214.894	121.28	197.914	210.043	165.181	289.338	0	0	243.85	158.327	254.965	7.66183	0	237.312	0	164.674	0	0	0	165.039	232.853	160.879	288.339	253.917	284.418	71.5285	266.482	84.2154	180.198	295.828	94.7847	196.676	294.411	127.53	0	0	0	0	250.179	289.433	143.768	134.943	0	278.447	181.859	270.529	248.98	192.82	158.594	0	189.95	173.413	208.741	0	0	0	27.3822	173.415	248.784	0	0	134.845	273.133	0	74.118	225.11	0	296.735	78.9208	0	85.6271	0	243.196	299.218	125.513	209.999	77.8629	0	
119.932	274.081	0	67.6619	0	280.195	229.399	269.708	0	278.619	254.491	103.495	164.58	132.632	233.417	0	269.474	127.603	96.0511	0	149.21	79.689	248.644	0	262.879	0	182.366	0	88.188	179.815	0	285.921	0	0	9.95994	149.912	57.6338	0	162.623	166.77	228.403	283.441	0	238.993	222.308	244.944	227.902	0	0	286.894	176.542	235.349	0	147.287	0	264.594	99.4954	56.0153	220.047	69.7215	98.571	240.523	285.199	209.884	298.006	276.439	0	108.067	177.178	0	0	261.185	231.395	223.057	136.074	0	29.3884	33.0035	0	213.376	136.834	216.899	0	207.585	0	176.885	0	224.514	164.872	0	0	169.42	0	84.6091	99.7914	276.661	286.17	0	0	256.576	
116.827	173.451	257.068	146.283	0	0	228.777	242.879	0	185.064	186.201	204.701	204.464	140.939	191.929	0	293.739	96.9886	208.832	0	152.47	214.049	253.615	0	256.474	0	134.213	239.047	226.979	108.502	262.164	149.019	267.295	237.312	149.912	9.94924	127.465	0	286.256	292.877	186.5	258.022	181.267	104.739	108.18	113.012	110.668	243.522	287.005	170.442	148.449	286.448	264.255	73.5745	287.316	217.981	209.979	194.48	0	189.565	118.113	286.804	150.911	134.334	174.059	0	0	51.895	47.5705	182.494	195.216	0	92.16	87.9314	105.085	202.125	164.625	126.369	224.117	192.297	172.939	143.751	201.022	126.322	171.294	200.656	0	238.309	246.118	296.048	251.697	249.462	263.644	178.561	100.597	0	240.309	0	0	150.598	
140.163	227.61	0	27.0451	0	0	260.498	295.259	0	282.587	266.693	150.395	202.687	81.2343	181.851	0	0	79.6863	143.698	0	176.199	123.889	281.884	0	293.676	0	196.733	0	114.94	132.569	0	266.436	0	0	57.6338	127.465	6.04686	0	208.559	211.946	176.857	0	289.124	222.008	181.229	209.758	187.431	0	0	281.166	196.702	278.08	0	148.225	0	284.102	147.091	84.8304	267.696	117.395	121.367	282.48	268.344	217.334	257.402	0	0	83.1416	145.477	297.381	0	0	208.839	205.27	149.568	281.203	76.67	47.3716	0	238.186	171.999	167.815	285.348	212.981	266.162	129.673	0	259.077	210.778	0	0	215.28	0	59.2971	115.207	0	0	0	0	211.824	
281.804	0	0	0	29.1456	194.367	183.786	131.762	130.299	184.78	167.73	0	254.822	0	0	32.7668	195.383	0	0	40.1876	249.634	0	174.03	56.7676	154.044	59.847	226.935	0	0	0	0	0	0	164.674	0	0	0	7.98737	0	0	0	120.531	0	298.514	0	0	0	115.196	0	231.512	225.032	247.703	239.71	283.859	0	141.353	0	0	0	0	0	239.341	294.36	219.758	0	208.093	29.8618	0	0	0	0	0	0	0	274.529	0	0	0	161.247	187.499	269.93	0	0	225.767	0	0	155.526	197.946	0	0	228.135	0	229.781	0	0	228.261	115.741	76.0799	125.203	0	
200.085	0	0	212.099	0	230.994	231.013	282.607	0	0	0	95.1817	159.309	280.549	0	0	226.479	280.264	84.828	0	196.054	91.7768	235.384	0	257.049	0	251.14	0	127.839	0	0	0	0	0	162.623	286.256	208.559	0	9.32789	18.3994	0	290.755	0	0	0	0	0	0	0	0	232.061	170.846	0	253.319	0	299.252	83.4805	139.539	84.1164	102.903	187.114	180.645	0	288.144	0	221.357	0	251.809	0	0	0	120.972	0	0	223.468	0	141.71	182.123	0	242.845	162.355	0	0	290.668	0	0	0	211.979	101.584	0	0	102.909	0	209.542	200.822	208.656	0	0	0	0	
208.37	0	0	214.552	0	238.362	239.883	291.485	0	0	0	103.349	168.354	282.961	0	0	234.171	284.266	92.1211	0	204.957	94.6998	243.952	0	265.687	0	259.963	0	126.515	0	0	0	0	0	166.77	292.877	211.946	0	18.3994	5.20558	0	299.529	0	0	0	0	0	0	0	0	240.997	178.113	0	261.254	0	0	91.101	140.766	85.7959	108.833	194.973	188.031	0	296.919	0	228.537	0	257.666	0	0	0	120.329	0	0	231.756	0	145.995	186.913	0	251.912	171.318	0	0	299.366	0	0	0	220.685	110.245	0	0	111.401	0	210.265	208.468	215.244	0	0	0	0	
275.722	109.07	0	175.358	0	0	0	0	0	0	0	0	0	104.422	12.6884	0	0	116.693	0	0	0	292.649	0	0	0	0	0	257.68	269.473	87.7747	0	269.376	0	0	228.403	186.5	176.857	0	0	0	7.14905	0	240.385	246.828	125.722	169.228	130.938	0	0	0	0	0	0	247.918	0	0	0	246.912	0	288.125	265.515	0	280.074	0	169.122	0	0	175.404	160.451	272.75	0	0	220.015	233.846	272.277	176.865	247.469	213.786	0	0	0	60.2853	188.839	0	195.07	98.6664	0	0	0	0	0	0	0	182.817	251.478	0	0	0	0	113.992	
175.756	0	0	0	115.981	109.692	70.3153	21.5844	189.176	144.242	100.86	229.936	141.26	0	0	142.247	103.606	0	245.923	150.881	139.795	287.685	65.846	129.925	45.1505	165.407	130.93	0	0	0	0	267.214	0	165.039	283.441	258.022	0	120.531	290.755	299.529	0	6.83708	0	240.308	0	0	0	101.602	0	196.875	121.558	147.932	252.011	191.24	0	58.4959	241.984	0	261.434	254.896	197.775	140.239	253.697	139.214	0	121.648	115.266	268.874	288.824	0	290.034	278.159	264.064	241.471	173.116	0	277.379	275.647	149.433	79.0017	156.883	0	0	146.936	0	0	199.803	86.6557	196.846	0	235.634	193.964	242.988	0	202.414	142.917	46.6376	187.63	175.161	0	
270.617	147.593	87.5546	0	0	0	0	0	0	215.74	253.168	0	0	266.673	243.528	0	0	229.247	0	0	294.591	0	0	0	0	0	250.454	71.8127	0	193.273	92.4125	86.2367	95.1614	232.853	0	181.267	289.124	0	0	0	240.385	0	6.03122	115.917	131.175	91.4659	123.274	280.218	114.413	163.247	272.741	0	194.302	214.67	112.202	296.566	0	0	0	0	280.587	0	101.196	224.082	88.5123	0	0	219.52	151.384	51.1831	86.685	0	105.065	123.631	251.57	100.386	0	296.459	233.741	0	0	189.718	88.3709	214.568	57.449	0	277.058	0	0	120.815	193.963	0	200.832	0	263.673	0	0	0	296.734	136.684	
166.714	189.918	174.829	241.053	0	0	235.683	226.991	242.355	122.778	149.862	273.245	242.414	228.862	251.591	0	0	184.635	281.652	0	186.344	296.676	258.903	264.005	253.355	0	140.412	181.655	0	174.044	179.761	53.5453	187.123	160.879	238.993	104.739	222.008	298.514	0	0	246.828	240.308	115.917	5.80805	133.269	100.973	129.474	189.867	206.198	84.742	162.821	0	168.483	111.315	215.971	192.228	281.599	284.821	0	267.503	180.702	0	52.2971	114.627	155.921	0	0	146.321	100.26	97.2116	99.3292	0	34.943	23.4838	146.337	181.912	250.914	216.219	153.516	194.207	217.958	194.649	174.208	104.944	135.504	285.034	221.58	252.642	298.8	222.965	157.769	0	169.223	273.35	165.222	0	209.784	0	231.04	168.037	
214.989	73.9328	212.204	192.55	0	0	0	0	0	247.288	264.168	295.107	0	145.147	129.929	0	0	112.611	296.296	0	250.477	291.775	0	0	0	0	226.315	168.203	290.121	70.3543	216.905	151.64	218.443	288.339	222.308	108.18	181.229	0	0	0	125.722	0	131.175	133.269	7.90539	52.1736	14.8863	0	236.678	211.974	243.403	0	284.859	169.068	225.06	0	298.212	259.575	0	273.747	214.542	0	162.738	216.759	84.0954	0	0	127.947	68.4559	157.327	186.701	0	105.559	122.873	202.926	109.017	240.592	199.973	280.548	285.547	270.889	72.3671	112.107	207.298	95.8562	186.052	0	0	0	235.084	277.637	0	287.926	217.79	197.281	0	0	0	0	50.607	
216.062	98.3024	172.98	223.732	0	0	0	0	0	217.88	241.269	0	0	184.515	173.221	0	0	147.22	0	0	247.457	0	0	0	0	0	214.533	138.612	0	112.089	177.847	110.889	180.35	253.917	244.944	113.012	209.758	0	0	0	169.228	0	91.4659	100.973	52.1736	9.20514	45.2343	284.875	199.293	177.141	234.181	0	243.86	163.833	191.911	281.829	0	285.898	0	290.833	220.427	0	123.163	198.373	72.6512	0	0	145.106	75.8747	114.439	143.909	0	73.9721	94.9789	200.443	101.1	261.884	221.602	248.03	273.192	272.406	116.044	98.0782	188.536	67.9181	229.149	0	0	0	201.489	237.57	0	247.447	251.671	202.895	0	0	0	0	77.1964	
217.538	72.4506	204.231	199.026	0	0	0	0	0	244.45	262.679	299.499	0	152.121	135.008	0	0	119.281	0	0	252.466	297.249	0	0	0	0	226.775	160.324	296.318	77.3252	208.923	145.817	210.427	284.418	227.902	110.668	187.431	0	0	0	130.938	0	123.274	129.474	14.8863	45.2343	6.84855	0	228.645	207.86	244.347	0	279.035	170.421	217.076	0	0	265.631	0	278.721	217.826	0	157.299	216.013	77.0501	0	0	132.531	70.5875	150.075	179.937	0	101.686	119.877	204.867	102.652	246.051	205.407	277.068	286.035	273.635	77.6846	105.131	206.456	87.9069	192.823	0	0	0	227.089	272.142	0	282.293	224.511	200.475	0	0	0	0	48.9503	
201.721	0	299.335	0	128.286	204.435	147.724	98.8316	105.619	76.0701	70.3884	288.069	208.095	0	0	120.618	197.841	0	0	128.356	180.156	0	155.318	83.9552	136.743	165.906	139.961	0	0	0	0	201.823	0	71.5285	0	243.522	0	115.196	0	0	0	101.602	280.218	189.867	0	284.875	0	6.48482	0	124.404	147.353	237.937	158.469	188.411	0	72.8357	0	0	0	0	226.36	230.933	187.085	121.371	0	216.207	127.899	268.825	264.331	242.942	212.971	0	218.116	197.626	188.554	0	0	0	59.3571	126.285	209.888	0	0	125.605	0	0	108.662	169.178	271.621	0	142.787	270.162	149.112	0	223.668	237.336	63.1755	174.007	89.7946	0	
0	236.354	37.0454	0	0	0	0	0	0	272.95	0	0	0	0	0	0	0	0	0	0	0	0	0	0	0	0	0	88.8158	0	299.12	32.3312	162.371	29.1821	266.482	0	287.005	0	0	0	0	0	0	114.413	206.198	236.678	199.293	228.645	0	5.09117	219.31	0	0	195.262	0	42.0786	0	0	0	0	0	0	0	171.901	0	176.673	0	0	0	259.355	118.649	125.431	0	205.15	219.033	0	170.248	0	0	275.255	0	0	289.779	159.268	295.637	151.617	0	287.033	0	0	39.1723	204.892	0	205.146	0	0	0	0	0	0	232.876	
189.79	266.038	189.828	0	245.954	289.638	212.604	186.524	165.084	61.9207	106.991	297.307	243.256	0	0	232.298	279.516	256.24	0	238.823	192.925	0	231.606	192.655	220.078	280.336	138.802	224.642	0	251.603	193.766	85.0975	203.862	84.2154	286.894	170.442	281.166	231.512	0	0	0	196.875	163.247	84.742	211.974	177.141	207.86	124.404	219.31	7.4337	160.078	0	105.896	145.625	240.868	149.135	0	0	0	0	210.554	298.745	70.2927	103.753	224.769	298.483	245.609	208.078	176.164	126.593	100.594	0	113.597	98.6343	169.185	247.572	294.583	266.407	79.7867	173.711	227.816	273.557	237.737	98.1785	199.143	0	144.478	233.28	0	245.144	90.9849	0	103.146	0	199.313	0	159.878	283.515	154.094	245.064	
63.168	0	0	216.877	226.027	166.693	86.8768	106.511	244.634	127.331	89.3111	151.403	89.853	251.848	0	241.879	154.372	216.39	165.545	250.684	41.4554	199.25	111.75	215.36	114.564	274.658	29.5099	0	241.182	244.454	0	203.869	0	180.198	176.542	148.449	196.702	225.032	232.061	240.997	0	121.558	272.741	162.821	243.403	234.181	244.347	147.353	0	160.078	6.24945	159.621	250.187	80.6768	0	94.4878	163.212	215.14	235.159	164.709	87.2594	157.242	194.334	65.5111	297.402	170.815	225.298	154.104	182.985	251.477	241.219	266.434	178.091	156.663	57.8147	0	174.969	164.921	161.099	51.0828	75.7204	281.63	0	70.5323	284.68	0	240.934	99.1312	152.854	0	233.057	153.608	244.206	245.254	88.5941	184.41	116.578	292.93	228.695	286.044	
175.767	0	0	292.383	234.651	65.6669	102.86	146.072	0	258.096	209.473	147.343	87.8804	0	0	272.148	63.1026	0	160.14	279.902	140.459	203.311	90.4549	268.749	111.962	279.086	182.572	0	255.91	0	0	0	0	295.828	235.349	286.448	278.08	247.703	170.846	178.113	0	147.932	0	0	0	0	0	237.937	0	0	159.621	5.36933	0	224.551	0	178.132	155.089	247.3	122.634	180.577	183.32	15.8859	0	214.762	0	55.9179	234.214	274.311	0	0	0	135.626	0	0	190.829	0	219.942	240.21	277.739	136.982	121.117	0	0	221.349	0	0	0	78.8521	86.2789	0	0	80.2417	0	0	197.185	47.542	182.177	0	0	0	
286.427	0	175.042	0	259.202	0	286.382	246.464	128.287	133.087	179.79	0	0	0	0	229.381	0	0	0	232.868	284.774	0	0	192.885	284.017	277.999	231.022	237.256	0	0	176.712	140.545	188.18	94.7847	0	264.255	0	239.71	0	0	0	252.011	194.302	168.483	284.859	243.86	279.035	158.469	195.262	105.896	250.187	0	8.78904	244.071	227.772	212.335	0	0	0	0	0	0	130.586	196.477	273.413	0	259.331	0	262.714	153.293	113.814	0	192.949	185.562	266.281	288.618	0	0	111.127	252.942	0	0	276.641	192.754	243.055	0	100.618	0	0	228.111	27.2525	0	19.2229	0	297.404	0	212.392	270.62	128.268	0	
61.7683	235.043	280.099	169.21	288.578	239.693	161.191	176.038	274.4	140.17	127.599	167.771	144.671	188.247	253.414	296.868	227.265	148.422	176.749	0	89.3481	195.682	186.06	264.442	188.621	0	67.0206	278.337	223.79	170.792	285.068	158.483	292.132	196.676	147.287	73.5745	148.225	283.859	253.319	261.254	247.918	191.24	214.67	111.315	169.068	163.833	170.421	188.411	0	145.625	80.6768	224.551	244.071	5.71995	0	153.798	176.462	192.731	277.155	164.475	75.461	223.91	153.657	76.0367	227.239	242.736	287.883	86.9025	108.297	202.4	202.641	0	116.759	99.2381	42.9805	255.703	154.726	127.713	180.298	124.466	116.199	207.165	252.312	70.7507	218.056	249.097	262.945	171.731	195.559	0	228.779	198.091	240.902	201.14	61.161	254.376	176.591	0	259.356	211.768	
0	215.004	59.2204	0	0	0	0	0	0	295.263	0	0	0	0	0	0	0	0	0	0	0	0	0	0	0	0	0	65.4775	0	286.799	56.9351	175.783	49.2882	294.411	0	287.316	0	0	0	0	0	0	112.202	215.971	225.06	191.911	217.076	0	42.0786	240.868	0	0	227.772	0	5.55326	0	0	0	0	0	0	0	187.507	0	158.097	0	0	0	255.972	130.199	146.408	0	209.932	226.605	0	146.05	0	0	0	0	0	272.695	136.517	0	137.666	0	0	0	0	15.9935	235.97	0	237.338	0	0	0	0	0	0	214.996	
151.381	0	0	0	144.664	152.739	85.8688	47.1893	171.356	97.2351	52.1705	227.651	145.415	0	0	157.284	143.903	296.35	243.164	166.072	123.093	281.34	97.616	131.437	82.406	192.052	95.5092	0	0	0	0	218.531	0	127.53	264.594	217.981	284.102	141.353	299.252	0	0	58.4959	296.566	192.228	0	281.829	0	72.8357	0	149.135	94.4878	178.132	212.335	153.798	0	9.80117	239.948	0	282.686	247.095	175.471	171.706	205.062	94.4429	0	162.919	143.962	234.286	246.236	264.817	242.212	0	216.694	194.207	143.019	0	262.057	253.103	109.709	64.4301	149.777	0	0	101.762	0	0	174.761	107.745	208.613	0	195.333	207.128	203.959	0	176.245	183.056	32.717	208.84	155.722	0	
124.469	0	0	156.042	0	208.673	181.709	231.147	0	283.238	245.797	21.8561	106.498	222.167	0	0	200.173	213.646	11.3003	0	127.143	55.2161	193.51	0	212.692	0	179.88	0	107.871	263.967	0	0	0	0	99.4954	209.979	147.091	0	83.4805	91.101	0	241.984	0	281.599	298.212	0	0	0	0	0	163.212	155.089	0	176.462	0	239.948	6.22196	99.1377	127.664	35.3289	110.146	162.32	0	215.961	0	202.145	0	177.774	244.55	0	0	168.726	282.702	268.27	147.783	0	79.7001	114.117	0	182.907	96.379	0	0	217.592	0	263.971	0	168.216	77.5098	0	0	81.9311	0	164.414	123.605	197.242	257.412	0	0	0	
160.455	0	0	82.3716	0	298.428	258.436	0	0	0	295.646	109.531	187.467	149.893	251.437	0	288.922	158.203	94.9276	0	184.34	56.7844	274.952	0	291.487	0	223.64	0	39.0861	210.992	0	0	0	0	56.0153	194.48	84.8304	0	139.539	140.766	246.912	0	0	284.821	259.575	285.898	265.631	0	0	0	215.14	247.3	0	192.731	0	0	99.1377	6.5752	207.52	72.1144	139.117	254.027	0	253.245	0	292.878	0	151.362	219.3	0	0	247.746	276.438	268.774	178.791	0	48.7048	78.0277	0	248.111	165.096	244.889	0	251.541	0	179.403	0	249.886	170.416	0	0	174.846	0	76.7923	143.141	289.461	0	0	0	290.584	
221.338	0	0	274.806	0	180.504	207.487	256.949	0	0	0	131.401	151.326	0	0	0	180.12	0	131.52	0	202.89	157.453	203.106	0	225.431	0	257.453	0	200.622	0	0	0	0	0	220.047	0	267.696	0	84.1164	85.7959	0	261.434	0	0	0	0	0	0	0	0	235.159	122.634	0	277.155	0	282.686	127.664	207.52	7.2665	155.546	215.646	133.146	0	294.39	0	169.258	0	296.116	0	0	0	48.4055	0	0	243.32	0	199.513	235.558	0	231.242	169.88	0	0	298.926	0	0	0	184.503	90.4242	0	0	86.9403	0	277.497	231.029	151.414	291.683	0	0	0	
117.735	0	0	125.887	0	231.556	195.861	242.933	0	281.283	247.691	42.8789	122.536	192.311	293.156	0	222.214	185.492	31.6185	0	130.145	39.6928	210.526	0	228.227	0	178.231	0	87.2053	236.613	0	0	0	0	69.7215	189.565	117.395	0	102.903	108.833	288.125	254.896	0	267.503	273.747	290.833	278.721	0	0	0	164.709	180.577	0	164.475	0	247.095	35.3289	72.1144	155.546	5.14802	99.5442	187.141	0	212.408	0	225.915	0	154.07	222.42	0	0	196.684	265.89	253.204	140.056	0	49.5897	85.9803	0	190.991	104.508	274.737	0	212.816	0	233.832	0	185.24	104.871	0	0	109.4	0	134.785	110.415	222.702	266.206	0	0	0	
30.5871	277.801	0	140.72	0	213.947	148.935	183.406	0	193.769	165.754	101.728	101.3	184.575	271.013	0	201.904	156.457	110.437	0	64.0532	132.32	171.279	296.245	181.827	0	93.6721	0	167.342	196.226	0	228.098	0	250.179	98.571	118.113	121.367	0	187.114	194.973	265.515	197.775	280.587	180.702	214.542	220.427	217.826	226.36	0	210.554	87.2594	183.32	0	75.461	0	175.471	110.146	139.117	215.646	99.5442	9.13605	185.268	223.387	124.357	282.181	213.425	0	100.136	155.421	271.294	272.38	253.863	183.286	167.744	50.1945	0	98.8826	87.3174	231.977	126.377	68.3008	235.867	0	123.726	277.84	241.447	0	149.867	137.146	0	291.917	140.491	0	167.749	24.6399	219.798	197.356	0	0	255.918	
176.51	0	0	297.232	226.258	57.8421	97.0943	138.82	0	252.743	204.025	154.07	89.435	0	0	263.8	54.7501	0	167.342	271.541	140.061	210.851	83.1918	260.668	104.396	270.726	179.958	0	263.537	0	0	0	0	289.433	240.523	286.804	282.48	239.341	180.645	188.031	0	140.239	0	0	0	0	0	230.933	0	298.745	157.242	15.8859	0	223.91	0	171.706	162.32	254.027	133.146	187.141	185.268	7.49311	0	211.28	0	48.6621	225.822	276.119	0	0	0	145.624	0	0	190.626	0	225.651	244.528	271.491	132.405	122.925	0	0	218.043	0	0	0	73.3617	94.4122	0	0	88.5971	0	0	198.745	43.6379	175.015	298.309	0	0	
207.358	209.847	140.709	287.231	0	0	259.888	241.96	220.388	122.384	161.645	0	276.93	271.874	284.475	294.703	0	228.114	0	0	222.032	0	281.366	254.962	272.641	0	171.542	164.247	0	211.882	145.316	22.624	154.034	143.768	285.199	150.911	268.344	294.36	0	0	280.074	253.697	101.196	52.2971	162.738	123.163	157.299	187.085	171.901	70.2927	194.334	0	130.586	153.657	187.507	205.062	0	0	0	0	223.387	0	7.80614	140.201	164.117	0	0	192.655	142.107	67.774	56.8377	0	71.2491	69.7485	186.413	185.771	296.725	262.545	142.082	218.878	255.334	226.839	175.617	131.615	137.313	0	196.599	278.851	0	193.164	122.706	0	133.111	0	208.71	0	218.76	0	211.478	190.51	
100.96	281.449	272.999	238.322	226.402	211.809	130.277	124.834	209.121	78.3746	61.2432	204.851	149.062	257.862	0	231.245	200.228	216.784	217.638	239.616	98.2399	246.312	153.251	197.776	148.156	271.547	44.0518	289.84	282.362	232.436	277.535	150.97	286.408	134.943	209.884	134.334	217.334	219.758	288.144	296.919	0	139.214	224.082	114.627	216.759	198.373	216.013	121.371	0	103.753	65.5111	214.762	196.477	76.0367	0	94.4429	215.961	253.245	294.39	212.408	124.357	211.28	140.201	8.96027	259.542	218.318	225.749	156.539	160.897	198.895	185.81	0	135.396	112.798	82.762	286.997	213.378	193.014	117.087	88.8052	133.168	265.404	280.596	16.827	242.632	0	199.948	148.152	211.938	0	179.68	212.803	191.25	269.691	117.335	234.605	115.905	284.609	193.741	258.028	
278.927	70.0795	158.161	268.362	0	0	0	0	0	271.311	299.645	0	0	216.454	171.489	0	0	187.96	0	0	0	0	0	0	0	0	277.44	99.2352	0	141.456	162.104	149.287	161.02	0	298.006	174.059	257.402	0	0	0	169.122	0	88.5123	155.921	84.0954	72.6512	77.0501	0	176.673	224.769	297.402	0	273.413	227.239	158.097	0	0	0	0	0	282.181	0	164.117	259.542	9.2259	0	0	201.305	134.759	130.364	165.96	0	131.851	153.928	263.731	37.692	0	275.375	297.11	0	0	123.827	37.3224	249.655	39.4928	248.084	0	0	0	168.475	270.966	0	279.034	292.56	264.648	0	0	0	0	66.1294	
201.079	0	0	0	193.022	19.8873	97.8118	124.728	0	248.968	200.677	193.248	119.447	0	0	232.849	28.8845	0	207.116	240.104	161.84	250.95	74.3826	234.746	89.7638	235.203	191.773	0	0	0	0	0	0	278.447	276.439	0	0	208.093	221.357	228.537	0	121.648	0	0	0	0	0	216.207	0	298.483	170.815	55.9179	0	242.736	0	162.919	202.145	292.878	169.258	225.915	213.425	48.6621	0	218.318	0	8.1091	192.697	0	0	0	0	175.264	0	0	211.703	0	262.74	278.447	261.736	136.826	152.12	0	0	225.755	0	0	0	79.3133	135.305	0	0	129.618	0	0	225.506	29.5496	160.281	263.485	288.339	0	
281.488	0	0	0	9.28473	179	177.037	128.049	151.943	196.915	174.832	0	247.744	0	0	51.9848	181.249	0	0	57.576	247.406	0	164.419	77.5723	145.377	58.6987	229.448	0	0	0	0	0	0	181.859	0	0	0	29.8618	0	0	0	115.266	0	0	0	0	0	127.899	0	245.609	225.298	234.214	259.331	287.883	0	143.962	0	0	0	0	0	225.822	0	225.749	0	192.697	8.55309	0	0	0	0	0	0	0	275.88	0	0	0	176.755	185.519	265.24	0	0	232.243	0	0	176.662	189.158	297.875	0	247.199	294.096	249.386	0	0	212.276	118.26	82.4604	146.283	0	
107.951	187.74	297.142	102.366	0	0	230.505	253.696	0	215.838	208.557	174.657	192.151	108.835	180.942	0	290.003	69.8727	175.947	0	147.375	175.071	254.64	0	261.181	0	145.939	274.102	183.757	103.592	0	190.965	0	270.529	108.067	51.895	83.1416	0	251.809	257.666	175.404	268.874	219.52	146.321	127.947	145.106	132.531	268.825	0	208.078	154.104	274.311	0	86.9025	0	234.286	177.774	151.362	296.116	154.07	100.136	276.119	192.655	156.539	201.305	0	0	7.44996	76.828	223.656	237.155	0	133.885	129.578	104.967	228.086	124.357	84.4874	255.821	198.885	159.206	143.186	229.21	150.233	203.687	169.715	0	235.923	223.566	0	290.621	227.426	0	134.895	84.5948	0	257.174	0	0	167.015	
154.388	134.251	230.734	161.518	0	0	263.608	273.859	0	201.383	210.838	240.076	241.993	137.219	165.619	0	0	93.8142	243.098	0	189.461	244.415	288.484	0	290.045	0	166.784	204.694	251.387	83.575	235.786	136.178	239.81	248.98	177.178	47.5705	145.477	0	0	0	160.451	288.824	151.384	100.26	68.4559	75.8747	70.5875	264.331	259.355	176.164	182.985	0	262.714	108.297	255.972	246.236	244.55	219.3	0	222.42	155.421	0	142.107	160.897	134.759	0	0	76.828	7.4193	160.688	180.155	0	78.0777	84.7991	141.896	162.561	193.73	153.689	238.183	225.798	210.554	112.322	162.129	151.915	134.575	192.248	0	274.221	283.34	265.172	252.22	286.755	263.658	191.796	137.955	0	267.836	0	0	111.106	
258.047	186.41	87.3308	0	0	0	0	0	261.728	180.553	221.45	0	0	285.825	276.387	0	0	245.002	0	0	277.04	0	0	0	0	0	228.719	107.73	0	216.389	92.3052	55.2406	99.5478	192.82	0	182.494	297.381	0	0	0	272.75	0	51.1831	97.2116	157.327	114.439	150.075	242.942	118.649	126.593	251.477	0	153.293	202.4	130.199	264.817	0	0	0	0	271.294	0	67.774	198.895	130.364	0	0	223.656	160.688	9.63119	45.4781	0	98.1187	110.22	237.737	145.088	0	298.773	194.976	278.194	0	220.217	133.273	189.946	99.6275	0	235.545	0	0	136.46	152.463	0	159.542	0	255.315	0	277.891	0	255.586	172.131	
